-0.68314151;0.41909457;2
-1.4489846;-0.04614105;2
0.74044566;1.1953788;2
-0.10367243;-1.0946479;1
1.621449;0.056388659;1
1.9722535;1.4134765;2
0.81198995;0.70836318;1
-1.6900098;-0.046130181;2
-0.50902644;-0.82441026;1
-1.551739;0.37848132;1
-1.2601332;-1.008965;2
-0.561689;-1.0126262;1
-0.5323885;-1.1689873;1
-0.29523825;-1.271768;1
-1.2075561;-0.85427989;2
1.5885828;-0.37798655;1
1.6273676;-0.43026768;1
0.57953687;1.1659399;1
-1.4229101;1.1342957;1
-0.76130139;-1.4416869;1
-1.646292;-0.72253514;2
-1.3250274;-0.12015273;2
-1.0162916;0.6186833;1
-1.2337065;-1.1499028;2
0.37832021;0.98668673;1
-0.014252957;1.5451871;1
-1.4234363;-0.61677623;2
-0.63845684;-1.0124341;1
-1.6659637;-0.87538468;2
0.029116836;-1.1171486;1
-1.4165922;-0.32687852;2
1.1479768;-1.1370211;2
0.89349825;-0.32698382;2
0.32185093;1.6803933;2
1.3903524;-0.21839927;1
1.0718366;0.61026294;1
0.43363099;2.1940802;1
-0.34803237;0.11851696;2
-1.4103714;-0.85583491;2
-0.024224796;-1.2795787;1
0.70093026;0.56424229;1
0.46355045;-0.79150405;2
1.300633;0.73934179;1
0.40759528;0.067286084;2
0.83443733;0.9251744;1
-1.2745223;0.1836824;2
-0.52802584;0.29637832;2
0.66014572;0.83503078;1
0.73922974;0.67334611;1
0.82881914;-0.30478044;1
0.13353404;-1.0589234;1
-1.5765055;-0.35174278;2
0.28720823;-0.51657756;2
0.19456732;-1.2741847;1
-0.26983022;0.011682575;2
1.6635531;-0.38406192;1
0.072652071;-1.4624128;1
1.1239806;0.29334691;1
-0.10873861;-1.2496188;1
1.2184984;-0.36142971;2
-0.96144572;-0.10202202;2
-0.53360841;-1.4036479;1
-0.35564653;-1.1597365;1
0.65649164;0.84419692;1
-0.80619774;0.9412136;1
2.4405192;1.3708099;2
-0.64000836;-0.23772762;2
-1.5702008;-0.77246103;2
-1.0422929;-1.0733163;1
0.87294604;-1.0287194;2
0.29540821;-1.3638668;1
0.12635114;-1.0802667;1
0.24464778;-0.68073713;1
-0.71679629;-1.0264742;1
-0.86551866;0.75115099;1
-1.0948741;1.3935311;1
-0.25443516;0.40319106;2
-1.7498108;0.31768774;1
0.74156682;0.74356796;1
-0.64709654;-1.218543;1
-0.2261092;-1.4538967;1
0.27599183;0.39740403;2
0.92570853;-1.1715517;2
-1.0729526;-0.017027949;2
0.55068811;0.92144188;1
-1.2856632;-0.7544734;2
0.34027582;-1.3438777;1
-0.46619374;-0.85070979;1
0.30355587;-0.0039311169;2
0.89328031;0.34473125;1
0.92059405;1.1185957;2
1.1893876;-1.3372344;2
-2.1690977;-0.52289999;2
0.32444583;1.6826196;2
-0.64253761;1.6846096;1
1.3059644;-0.56579675;2
1.022658;-0.7284184;2
-0.42164136;-0.24089763;2
-0.70363662;0.7098327;1
1.1763991;0.50652094;1
-1.5295001;0.25737766;1
-0.93439691;-1.5806113;1
1.1832393;-0.78887394;1
0.78108736;0.41530339;1
-1.5649621;-0.17189587;2
0.26873938;0.60530037;2
0.67453779;0.6667372;1
-1.1779406;1.1698348;1
-0.95866294;0.41044406;2
-1.7597985;-1.3321354;2
0.82019663;-0.5143007;2
1.437264;-1.7278135;2
-1.0666046;-0.45624247;2
0.83903606;-0.081896339;2
0.75903665;0.032800947;2
0.62692645;0.12495509;1
-1.0634327;0.49633292;2
-1.8055509;0.075791105;2
0.042813703;-1.0429725;1
-1.0798486;0.98872986;1
-1.1166676;0.57648693;1
1.8010607;-0.81112655;1
-0.8437212;0.37078244;2
-0.37195972;1.54177;1
1.8067816;-0.55067908;1
1.7097531;-0.043977753;1
0.19767022;-1.4116303;1
0.63711254;1.5456371;2
-1.6801487;-0.52837372;2
-1.511018;-0.19643173;2
0.48701103;1.4539945;1
-0.30133807;1.6945302;1
0.72412618;-0.57404964;2
-0.97349642;-0.04697261;2
0.97436934;-1.3248945;2
0.096678985;-1.4047183;1
-0.61216074;-1.4175684;1
1.2489827;-1.3761465;2
0.46627674;0.28108423;2
-0.025270224;0.074170442;2
-1.9325768;-0.92041396;2
0.55195315;-0.19904124;2
1.3488493;-0.4614881;1
0.73100008;1.7405424;2
0.397367;0.5126428;2
1.051449;-0.72321786;2
-1.9421127;-0.7612215;2
0.37702393;1.7224785;2
0.60436684;0.37410025;1
1.3477612;0.67671761;1
1.3255792;-0.48603254;2
1.0147073;-1.0535862;2
1.7861591;-0.1015555;1
-1.1339219;-1.0812464;2
0.32927481;0.60596196;1
0.98665943;0.2581968;1
0.55048424;0.85704152;1
1.3359442;0.27410962;1
-0.21243179;-1.1801418;1
0.11205812;0.23829856;2
0.76903571;0.85467204;1
0.88325537;-1.0035712;2
2.5732852;0.98866753;2
0.15437086;-0.65278106;2
0.77667703;0.31239868;1
-0.5093125;-0.93218725;1
0.74963618;1.9191308;2
0.51054686;-0.77291776;2
0.053323718;-1.01835;1
0.12101575;-1.2997632;1
1.2202173;-0.10563228;1
0.52557096;1.4752495;1
1.1219984;0.82152997;1
1.0146607;1.2082982;2
-0.84310118;-1.142282;1
-1.0107722;-1.2331164;1
0.29980863;-1.1789479;1
-0.8949546;-1.0666916;2
0.94767091;0.98510477;1
1.0606188;-0.23214695;1
-1.947833;0.61419448;1
-1.5225771;-0.74014651;2
-1.4191079;-0.074693162;2
1.4625474;-0.41669971;2
2.4296474;0.86885348;2
0.56910399;0.48110808;2
-0.10558449;-0.31579205;2
-1.440293;-0.35841514;2
0.16778227;0.34537578;2
0.15857485;1.5081885;1
1.4694015;-0.31233377;2
-0.82350662;1.1009268;1
-0.75256018;-1.0767181;1
0.8319618;0.44189899;1
-1.8075506;-0.48768675;2
0.37142594;-0.58863292;2
-0.41054953;-1.4073024;1
0.4864801;0.99082865;1
0.83314179;-0.5926219;2
0.3502479;0.88893388;1
-0.37222647;-1.1074818;1
-0.53582593;-0.81398183;1
-0.63942011;0.52192196;2
0.72014298;0.98901295;1
-0.13567972;-1.4147773;1
-2.1811689;-1.8767374;2
-0.014510074;-1.1517631;1
-0.47213744;-1.1575158;1
0.44262609;1.5432768;1
1.1792066;0.76610649;1
-0.49142085;-1.5522139;1
-0.27937688;-1.0620389;1
0.42610432;0.19381294;2
0.63334957;0.90144473;1
0.87660166;0.16064944;1
1.6747284;-0.9781009;1
-0.27491379;-1.6035262;1
1.1563079;0.048859153;1
1.5592599;-0.36728276;2
-0.71500604;-0.96898118;1
-1.5955053;-1.4352719;2
-0.097776167;-0.42360609;2
-1.0073613;-0.39683231;2
-0.25092198;0.32673782;2
-0.061831654;0.3575405;2
-0.40516044;-1.2530135;1
1.2351924;0.90788371;1
-0.89913634;0.062110521;2
-0.11709165;1.4678306;1
-0.59100465;-1.078172;1
-0.067683273;-0.3938729;2
-0.10724044;-1.4989931;1
1.3261626;-0.067305658;1
0.18375487;1.6995413;2
0.49499855;1.5434197;1
-0.40475632;-1.0897959;1
-1.7742721;1.0147883;1
-0.78423058;1.8062483;1
0.40496177;-1.2003471;1
1.454454;1.332954;2
1.3288772;1.5076484;2
-0.71148634;-1.1295287;1
0.56918753;-0.85814058;1
-1.5423555;-0.64335056;2
1.7145631;-0.28882255;1
0.048914601;-1.3642994;1
0.52693139;1.1840468;1
0.31116516;1.7629278;1
-1.1537757;0.58736602;1
-0.45479297;0.49412268;2
-0.91179525;1.3404471;1
-0.74761521;-0.5701127;2
1.3878056;0.060909527;1
1.5483936;-0.6486199;1
-0.67213725;0.68287766;2
-0.76672259;-1.2976713;1
-0.26181479;1.2812697;1
-0.18694776;-1.3825517;1
1.2822863;-0.23584243;1
-0.10923679;-1.3195999;1
0.55791513;-1.0641439;2
-0.3466528;-1.1279083;1
-0.17232866;-0.67618088;2
-1.1443552;0.30423699;2
-0.49938004;-0.85769017;1
-0.52868277;-1.024443;1
0.2504041;0.46599769;2
0.95466998;-0.015786718;1
-0.41924473;1.4039819;1
-0.26853577;0.96090912;2
-2.0619517;-1.2300847;2
0.3843473;2.1544067;1
1.441654;0.89828901;1
1.9539517;-1.0241541;1
0.058631215;-0.13328577;2
0.1085194;1.6519515;2
1.0635174;-0.69013866;2
0.031672954;-0.82063107;2
0.76778438;-1.2486052;2
1.6764151;0.11272453;1
-1.7515896;-1.9203905;2
-1.8112647;-1.2111572;2
-1.8413207;-0.95812624;2
0.13302859;2.042019;2
-0.32934017;-0.95485403;1
-1.9767508;-0.87982904;2
-1.3831827;0.09731074;2
-1.8270436;0.37856777;1
1.0028757;-0.08970952;1
-0.090754656;-0.84639132;1
-1.3620357;0.97556002;1
-0.14390092;1.6781865;1
-0.065557637;-1.5735536;1
0.4074398;1.66808;2
-1.4274784;0.091053407;2
1.3754138;-1.7431991;2
-1.871004;-0.45134816;2
1.0635453;0.62906316;1
-1.7940855;-0.95391606;2
2.2033097;1.1390547;2
-0.47303193;-1.548679;1
-1.7696151;-0.59214403;2
-0.90078084;-1.5592803;1
-0.9745566;-0.18242125;2
0.18460644;0.61749273;1
0.20510764;-0.47056582;2
-0.32610551;0.076876107;2
0.54783815;-0.95863382;1
0.73343269;0.92624557;1
-1.3744919;-0.20495643;2
-1.51496;-0.76898482;2
-1.0611805;0.91727538;1
-1.151566;0.77088464;1
-0.61672092;-0.79159375;1
-0.3991351;1.3036462;1
1.7143865;1.1011386;2
0.008538124;1.3095013;1
-0.65810505;0.55448114;2
1.1675157;1.3663271;1
-1.4488735;-0.70079361;2
-0.44741597;-1.0044628;1
-0.6871798;-0.45771139;2
-0.86684786;0.21395834;2
-0.041825964;-1.0249258;1
-1.5351732;0.56229295;1
1.2475062;-1.2532526;2
0.68597167;1.2015782;1
-0.87447355;0.71921108;2
1.6215313;1.1896617;2
1.4658689;-1.2941135;2
1.1637941;-1.2426574;2
0.13557641;1.4607795;2
-1.0633642;0.81725653;1
-0.015952787;-0.44751355;2
-0.99877849;0.90579985;1
0.71396497;-1.1933216;2
-0.25835673;-1.0581764;1
0.53369295;-0.76320011;2
0.7279346;0.75201433;1
-2.7678489;0.096217259;1
-1.1917446;1.2271365;1
0.83417103;-0.58373339;2
0.65073082;-1.0813585;1
-0.14783923;-1.3709437;1
-0.62382985;1.7515364;1
1.734325;0.97932991;2
1.2428571;0.55445248;1
1.546902;1.102513;2
-0.25391512;-1.2679713;1
0.98072356;-0.057165064;1
0.65538336;1.7200303;2
0.39919226;-0.59389848;2
-1.5333068;1.205006;1
-0.90269273;-0.98773387;1
-1.5537176;0.58785089;1
-0.4502639;-1.5893719;1
0.24034889;-1.1375385;1
0.24424543;1.8366345;2
-0.62829084;0.60130007;2
1.7414568;0.96371448;2
1.1598068;0.70262537;1
-1.1457173;-0.56170377;2
0.76231911;-0.33359188;2
1.0218293;0.97579813;1
0.71346546;1.0188204;1
-0.54660393;-1.3145293;1
0.4402033;-0.93584371;1
1.0124572;-0.20480607;2
0.75978242;-1.1619898;2
0.015376999;-1.4058996;1
-0.85884769;0.88534895;1
0.38715908;1.5896618;2
-2.1430257;-0.47579202;2
-0.53846237;-1.1502551;1
-0.83987475;-1.16269;1
-1.7017157;-0.5690908;2
0.52168277;1.3559593;2
-0.021491979;0.70354777;2
-1.1886594;-1.1430488;2
1.1471672;1.6831213;2
0.31020678;0.56986281;2
-0.32705405;0.61158632;2
-0.71737686;1.0047575;1
-0.46071791;0.34270086;2
-2.0407376;0.40123202;1
-0.54631763;0.44228409;2
-0.75834574;0.79356825;1
-0.64472568;-0.23804019;2
0.80245263;0.13269242;1
-0.38250886;-1.2581329;1
0.16906079;1.8634212;2
1.2271752;-0.14605132;2
1.2564032;-2.3859373;2
-1.1895218;-1.0045743;2
0.080901955;1.9267331;2
-0.75682762;0.29839299;2
-0.66657434;-0.89534325;1
0.61717186;1.3436807;2
1.2625699;-0.55311532;2
-0.16933064;-0.13519646;2
0.96568003;-0.19864626;2
0.83759399;1.4999816;1
-0.051001646;-0.97203961;1
2.073338;1.2125656;2
0.34356926;1.3833936;2
0.22076673;0.94569519;2
-0.60725655;-0.89436529;1
-0.450822;-1.3355918;1
0.78363793;1.3879982;1
0.45076505;-1.2349746;1
-1.5098956;0.48141982;1
-1.945446;-0.15963767;2
-0.19663217;0.54418453;2
-0.85452334;-1.0513013;1
1.2654376;-0.6845839;1
-0.19786466;-0.5359948;2
-0.92218222;0.53338808;1
0.38805042;-0.085117566;2
-1.0347329;-0.85838469;2
-1.6020405;-1.3192252;2
-0.66464299;1.2275849;1
1.1384305;-1.5726406;2
-0.061473629;0.2986348;2
0.46294442;0.49798955;1
1.4269165;-0.81632789;2
0.29878864;1.5189892;1
0.011404767;-1.4561953;1
0.33539633;-0.48335305;2
0.1838331;0.55825585;2
1.0758985;0.83885028;1
-0.86505034;1.5954841;1
-0.38636728;1.5025221;1
1.0126027;-0.93464335;2
0.54579004;-0.19548913;2
1.0507536;-0.46662573;2
1.574026;-0.56552415;1
0.21050475;-1.2776704;1
-0.83781801;-1.1660849;1
0.67737553;0.10790506;2
1.3765687;0.58313673;1
-1.939348;-0.27272006;2
-0.022161228;-0.20249943;2
-0.76035545;-0.86172141;1
0.2649309;-0.37495222;2
2.0325135;1.3222939;2
0.14521855;-0.62631955;2
1.0770115;1.4235396;2
1.21772;0.42342247;1
-0.6639825;1.1830357;1
-1.2445334;1.1372395;1
-0.75071892;-1.3705978;1
-1.0713649;-0.61608719;2
-1.1132464;0.43920569;2
-1.0833313;-0.059390514;2
1.2384406;0.78965271;1
-1.6673852;-1.7321782;2
-0.97186316;-1.0778826;2
-1.0545634;0.7197102;1
-0.095676148;-1.0550132;1
0.77400815;-1.2204266;2
-0.31511379;-1.3003481;1
-0.97226957;0.47312711;2
-0.59826247;-1.3514393;1
-0.10291706;-1.7140636;1
0.09807253;0.46457596;2
0.78486567;0.15839983;2
0.49686831;-0.67113489;2
-0.048030647;-1.0639217;1
0.45242223;1.9471776;2
0.87768746;-0.85603362;2
1.3768138;0.7485285;1
-0.45332523;-0.073661158;2
2.3269914;1.2059095;2
-1.1900287;-1.0272944;1
-1.7663845;-0.92289519;2
-1.9834853;-0.65547482;2
1.2807745;-0.17589058;2
-0.75619977;-0.67891605;1
-1.0962064;1.1633559;1
1.2187712;-1.5772043;2
0.14463215;-0.41468708;2
0.055823285;1.8751319;1
-0.75354369;1.1048804;1
-0.47301014;-0.7494098;1
0.92624649;0.97221677;1
-0.085250834;-1.1208562;1
-0.31398162;-0.98440874;1
-0.49603934;1.4063429;1
-0.62855713;-0.11761994;2
-0.058296831;-1.1517325;1
-1.3106988;-1.1078537;2
-0.31606162;0.17727581;2
-0.46596439;0.14508879;2
0.39012236;-1.202947;1
0.6610273;1.6935321;1
2.1773921;1.1275114;2
-1.3127508;0.23928578;2
0.81118282;-1.6476875;2
-2.0627793;-0.3317099;1
-1.3304289;-0.39202662;2
0.40856326;1.4455372;1
1.0103225;-0.94018118;2
2.6028946;0.95076008;2
0.57778856;-0.6219213;2
0.24422175;1.4212735;1
-0.21401134;-1.2734889;1
-0.49503917;1.3083727;1
0.97373138;0.87742861;1
2.1207243;1.1002018;2
-0.74487521;0.98701014;1
0.019352773;-1.1257543;1
-0.63387994;1.263135;1
-0.66045451;0.96516762;1
-0.80716708;1.1165359;1
1.1649735;-1.10484;2
-0.088221207;1.1672471;1
-0.38088871;1.4088398;1
-1.8405797;-0.86529224;2
0.34685453;-0.24188189;2
0.31589838;1.430955;2
-0.61365854;-1.2178754;1
0.36410976;-0.85796522;1
-0.028122421;-0.32335751;2
1.5015217;0.54053782;1
-0.17015143;1.1770678;1
-0.49112841;-0.42922889;2
-0.26784339;0.75028707;2
-1.6321806;0.72780917;1
-0.67233262;-0.041436769;2
2.5525421;1.3984766;2
1.7840369;1.0050511;2
-1.1009807;0.81697197;1
1.0311114;1.2930328;1
0.24404625;-0.69023358;2
2.1260987;1.1564698;2
-0.14243353;1.6527401;1
-1.4930005;-0.0032486048;2
0.89271282;0.6911587;1
1.0236818;0.43997677;1
-0.67225152;-0.60109518;1
0.62224895;-0.54644877;2
1.1290928;1.5061864;2
0.29072536;1.3384497;1
0.039398091;-1.3511223;1
-0.12861172;-0.060979384;2
-0.0366776;-0.14405234;2
-1.4462472;-0.069659809;2
-1.0063932;1.2142682;1
0.61899241;1.6480404;1
-0.99599919;-0.98434385;2
1.2987687;0.55509566;1
1.195141;0.29791752;1
0.51480794;0.88375517;1
-0.58056435;-1.3360535;1
1.5090073;-1.1549437;2
1.0231251;0.097492881;1
0.82375096;-0.67253382;2
-0.027543158;-0.58208846;2
1.4494491;-1.2517535;2
0.23594697;0.44268177;2
0.47210644;0.097881508;2
0.7943839;1.0077903;1
-0.15110706;1.6624318;1
1.0941694;-0.64317056;2
-0.80026507;-0.28197612;2
2.4837177;1.2059143;2
-0.25456778;-0.14199165;2
0.36822716;-0.85574879;1
0.89914053;0.53797283;1
-0.069192654;1.728369;2
2.3473174;1.1363187;2
0.74129503;-1.201023;2
1.499265;-0.99289873;1
-0.51997576;-1.1657169;1
-0.68485601;0.45941037;2
-0.21878571;0.1280971;2
-0.90781915;1.2626798;1
0.085190801;-0.85225219;1
0.86641184;-0.91749692;2
-1.0962749;0.1448523;2
0.46895895;1.9086786;1
-1.0758131;1.3063581;1
-0.0062114849;1.5595574;1
0.41786417;0.61628371;2
1.703096;0.0022954126;1
2.2699267;0.28397687;1
0.81152267;-0.15006956;2
0.67272099;1.0673427;1
-0.23210859;-0.8432958;2
0.5647467;1.5601187;2
-0.055358183;-1.284802;1
1.5034892;-0.060758934;1
-1.5092593;-0.96642021;2
1.2274587;-0.099737796;1
-0.89720121;-1.0427007;1
1.3211231;-0.31076835;2
0.10459364;-1.6706464;1
-1.1584371;0.38121329;1
-0.81717583;-1.1856673;1
0.57039582;1.4158457;1
0.41518631;1.7975656;1
-0.71417964;-1.6531546;1
-1.6512438;-2.045701;2
1.3536749;-0.51826428;1
0.17747301;-1.3730873;1
-1.1966655;-1.0424419;1
-1.2498492;0.51183912;2
-1.7946322;-0.98045897;2
1.193913;-0.31887936;2
-0.025364804;-0.79034859;2
0.55969924;-1.0221539;1
0.71912184;0.75902247;1
-1.3126053;-0.49829279;2
1.2860761;1.0738453;1
0.41762133;-0.71081855;2
-0.74699356;-0.50946299;2
0.16506788;-0.40460718;2
1.3829639;1.2663483;1
1.410597;0.090660357;1
-0.51563088;-0.9152542;1
1.0390723;-1.1310604;2
-0.96998806;-1.6030047;1
-0.53943064;1.4054224;1
-1.2503578;-0.28591395;2
-1.8025943;-1.2524155;2
-0.21795679;2.0900091;1
0.44464815;-1.3828173;1
0.75634158;-0.070902937;2
-0.11600018;0.081492428;2
0.59158017;1.1536824;1
1.634711;-2.1571567;2
-1.4863551;0.74381757;1
-0.80722276;0.99181474;1
0.37796773;-0.5598794;2
-1.6002037;0.63189103;1
0.91893698;0.79752745;1
0.096455754;-1.1019492;1
-0.66961387;1.2186367;1
1.2978894;1.0411319;1
1.3623491;-0.73240607;2
0.59817287;0.13258438;2
-0.88895733;-0.88411975;1
1.1224283;0.86174236;1
-0.23796979;0.12586254;2
1.5731269;1.1598287;2
-0.34742349;-1.4986144;1
1.1011824;-1.169863;2
-0.31401905;0.019413512;2
-0.42855165;1.126169;1
-0.61797564;-0.50608428;2
-0.077284006;-1.2189273;1
1.0950734;0.45783191;1
1.2348263;2.1906983;1
-0.05313075;-1.2607263;1
-0.018657242;-1.5456441;1
1.3073653;-0.25392292;1
-0.21293209;0.25883298;2
1.1565947;-1.2981219;2
-0.90999586;-0.60712613;2
-0.038110889;-0.79058029;1
-0.82008587;-1.044829;1
0.81189519;-0.19526175;2
-1.1534631;-0.65858214;2
-0.83279314;-1.2304544;1
-0.70696004;-0.56786627;2
0.81734859;-0.94122222;2
-1.0204681;-1.4269196;1
1.0847539;-1.0228141;2
-0.11350991;0.84578284;2
1.3472023;0.47185451;1
0.61068981;0.9781196;1
1.3726703;0.6246965;1
0.68174384;1.5041216;1
-0.13465345;-1.1249985;1
-2.8360574;-0.17708113;1
-0.97363482;1.0495193;1
1.1484988;1.485121;2
0.14335824;1.0525744;1
-0.22338316;-0.41941769;2
1.4616154;-1.3184578;2
0.36940236;1.6933362;1
1.3901149;0.26200131;1
0.39502665;1.2060314;1
-0.69938052;0.7549123;1
1.1769659;-0.27665653;1
1.1744808;1.2757865;1
-0.10203099;-0.30627706;2
-1.0154694;0.52123621;2
0.83467056;-0.013739661;1
-1.0987664;0.64131718;2
0.83809977;0.60314097;1
1.0129608;0.67671389;1
0.38347305;-0.82356039;2
0.33458258;1.3940556;2
1.0955401;0.73996968;1
-0.46086669;-1.0736494;1
1.2232313;-0.15854047;1
-0.62129731;1.1056216;1
0.11488804;1.4102985;2
0.82326949;-0.24791016;2
1.0342542;0.80538516;1
-1.6020505;0.78818116;1
0.98970491;-0.076239508;2
0.91641388;0.144418;2
0.56592885;-0.97719238;2
-0.30890479;1.1626695;1
0.36880338;0.42846787;2
1.4710489;0.48620687;1
0.01089231;-0.37812291;2
0.8935172;-0.74224362;2
1.2166894;0.24660781;1
0.53454922;1.9910061;1
0.78177958;-0.13908182;2
0.93393046;0.2576814;2
-0.94863734;1.0026627;1
-0.078920009;-1.3493674;1
0.81384004;0.81680429;1
1.1586566;1.0512501;1
-0.58703303;1.0104809;1
0.17083244;-0.50222065;2
0.19148241;1.7201643;1
-0.38134927;-1.0835479;1
0.12850217;-0.88858038;1
-1.0018413;0.078044008;2
-0.68529109;0.72745776;2
1.086885;0.29896763;1
-0.86325166;0.49627042;2
-0.44050882;-1.45123;1
0.30903477;-1.0331156;1
-1.9246688;-1.1742324;2
-0.066215694;-0.47907543;2
0.51707365;-0.93118356;1
1.1354902;-0.11378377;1
2.1667577;1.4483185;2
-0.59565821;-1.3346206;1
0.99384224;0.34797869;1
-0.23740932;-0.037789124;2
-0.016277655;-1.0743262;1
0.15542744;1.8766493;1
-0.7440471;0.19647053;2
-1.1771975;0.42190823;2
-0.53405397;-1.2280974;1
0.95157868;0.8364477;1
-0.11635177;-1.3592145;1
0.97540167;-1.3443602;2
0.72415425;0.98879508;1
-1.6327422;-1.4147352;2
-0.10792139;1.7011801;1
2.2098624;1.2070345;2
0.17103524;1.5881992;2
-0.97844241;-1.0513724;2
0.84067748;-0.077637743;2
1.8544138;1.3761645;2
-0.26822441;-1.256464;1
-1.5277419;-1.1661575;2
0.63664463;1.2493346;1
1.0844094;0.14773486;2
0.35355661;1.0631483;1
-0.31765663;0.31721543;2
-1.3392677;0.86852478;1
1.3852716;1.516113;2
1.5723628;-0.11414826;1
0.12010357;-1.1176258;1
-0.66524807;0.3570832;2
0.84659381;1.3957369;1
0.57191437;-1.2418013;1
0.032496895;-1.4626289;1
-0.090559759;2.0119817;1
1.9699288;0.99027106;2
-0.42368655;2.0117795;1
-0.20945968;0.34461885;2
-0.07906944;-1.3767048;1
-2.1061624;-1.5086741;2
-0.22704699;-1.193788;1
-0.76790995;-0.016598724;2
0.63214839;1.4547203;2
-1.8846858;-0.97919796;2
0.54296275;0.91303885;1
0.43968804;-0.77846465;1
-0.60637376;3.1943016;1
0.052618648;-1.3137403;1
1.1855117;-0.27781906;1
-1.3577622;-0.84838872;2
1.080541;1.0339298;1
1.290285;-0.4986197;1
-2.0000902;-1.7247189;2
-1.520326;-1.2274238;2
-0.13074475;1.7603321;2
0.36496945;0.63249391;1
0.51759615;1.4063744;1
-1.617633;-1.8496617;2
-1.1839041;-0.89801085;2
-0.73250272;-1.3379734;1
-1.2605762;0.22977264;2
-1.0147343;-1.6494194;1
-1.9220608;-1.5026979;2
1.4271217;0.56981754;1
0.75088527;0.60807314;1
-0.012678162;-1.1226673;1
-0.85164495;1.3174774;1
1.0544013;0.40943519;1
-0.67863775;0.53589127;2
-0.40909582;0.34864232;2
2.0329626;1.1046864;2
0.069808672;-1.2545353;1
0.36060441;0.93119333;1
1.0331367;0.2795607;1
0.36694055;-0.45113908;2
-1.6651299;-1.2567454;2
-0.58094676;-1.2704587;1
-0.12176385;-1.1422207;1
0.26018891;1.9131829;1
-0.94438314;1.0176148;1
-0.71090519;0.46541623;2
-1.1309838;0.16360564;2
1.0890333;1.4901459;2
-0.85261893;-0.25387828;2
-0.51971554;-1.5205523;1
1.7058232;0.56881317;1
-1.5173392;0.946125;1
1.351276;-0.38653973;2
-0.2328567;0.59307609;2
0.074495481;1.7800791;1
0.92429066;0.8606472;1
-1.2461069;-0.57638786;2
1.0503036;-0.65469287;2
0.83411935;-0.1767561;2
0.72154324;0.15252389;1
0.038124451;0.16697965;2
-1.4076384;1.0879342;1
-0.92722977;-0.59540697;2
0.78580584;0.85881017;1
0.83317067;0.65292781;1
0.71000068;0.052857935;2
-0.73556249;0.68294945;2
-1.481624;0.94355659;1
-0.50061735;0.078663417;2
-1.2582154;-0.5031782;2
0.22935781;0.61314059;2
-1.6364431;-1.7960661;2
-0.41261181;1.1749689;1
0.91156241;2.0952983;1
-0.9589512;1.0765672;1
1.4470464;0.21063088;1
0.29834634;-0.82912274;2
1.7177764;0.029111197;1
1.3183975;0.092754492;1
-0.55898105;0.05941444;2
-0.010725247;-0.96049509;1
-0.75413663;1.1911502;1
0.61714866;-0.58493915;2
-0.26859255;1.6000001;1
-0.37006338;1.4784154;1
0.39457463;0.085587697;1
-0.1019196;-1.3064309;1
-1.6116305;-0.45096562;2
0.44764637;0.70991282;1
-0.043314518;0.60497911;2
0.092676998;-1.0150014;1
-0.029912061;0.61677689;2
-1.1139205;0.2757985;2
-0.05707325;-1.5010158;1
-1.0104687;-0.15506608;2
-0.068476387;0.93089307;1
0.94246869;0.24778306;1
-1.0117418;0.76773475;1
-0.11301662;0.62582728;2
0.64790182;1.4062397;1
1.7013613;0.15711869;1
0.99329223;0.39668097;2
0.56808941;0.24408015;1
-1.4122023;-0.35740804;2
-0.39988569;-1.3653668;1
0.30763504;-0.9128103;1
-0.65427522;-0.99908337;1
1.3062042;0.93552552;1
-1.3779038;-0.32022789;2
1.2473821;-1.6190895;2
-1.5023085;0.084706147;2
1.4342712;0.14700087;1
0.29503161;-0.27347636;2
0.2638082;-0.60494185;2
-0.32979777;0.082927264;2
-0.71245622;-1.0981686;1
-1.3842215;-0.1486281;2
1.1330638;-0.54111804;2
0.13740043;-0.24664265;2
1.4612621;-1.0604665;2
1.6411096;0.51282643;1
-0.36428499;1.7012241;2
-0.86873991;-0.039275568;2
-0.8767768;-0.40148172;2
0.95725029;-0.57214969;2
-0.9510726;-1.3304802;1
-0.093170758;0.4723958;2
-2.0692585;-0.52132823;2
-0.92613411;0.91568986;1
-1.6438619;-0.96205828;2
0.32272571;-0.79636309;2
-1.7037321;0.86886513;1
-0.89924829;-1.377159;1
-0.06589812;-1.3294087;1
-0.31693943;1.7655936;1
-1.7401878;0.69276297;1
-0.71548616;-1.4870911;1
-0.10441605;-1.1454086;1
-1.5871266;-0.76566083;2
0.073679297;0.12377308;2
1.2102742;0.30640498;1
2.5206609;1.425754;2
0.77835614;0.95155668;1
-0.88219103;-0.72618258;1
1.4688722;-0.53138487;1
1.2686971;-0.51903725;1
0.10911357;-0.52237714;2
0.58588634;-0.2730099;2
-1.5760965;0.5877672;1
-1.0139069;-1.361276;1
-0.57720334;0.20624844;2
-0.13471302;0.07071096;2
1.4742261;-1.4437696;2
-0.12359795;-1.122678;1
-0.78354803;-0.0064733907;2
1.721224;-0.4481645;1
0.41636436;0.1004525;2
-1.3931856;0.86204229;1
0.0070974042;-0.92400351;1
0.51249907;-0.49047205;2
0.53269948;0.54053109;2
0.73618149;1.6398903;1
1.8099888;-0.21758501;1
0.41689086;0.34841066;2
-1.3915822;-0.67970237;2
-1.4024666;-0.38631274;2
-1.3833027;-1.1060114;2
-0.79566847;-1.6273807;1
-0.070089297;-1.2267842;1
0.22488115;1.3410489;1
2.2014595;-0.66499005;1
-0.14588706;0.13221361;2
1.6426653;-0.30796472;1
-0.43565283;1.8555986;1
-0.17838336;-1.1497699;1
-1.7971089;-1.7100396;2
-1.280226;0.72008416;1
0.17916343;-1.0443285;1
1.4025179;0.85491518;1
0.49661654;1.2656075;1
0.6829642;1.5985213;2
0.23285367;-1.2917905;1
1.1725684;-0.56652181;2
-0.026354543;-0.95162277;1
1.3160966;-0.61578559;2
-0.18675305;-0.26701244;2
0.61471158;0.37545903;1
-0.047631559;-1.2362172;1
0.63546764;0.55913387;2
0.029613872;1.2006958;1
0.72046953;-0.15366855;2
-1.2067935;1.1882663;1
-0.57440086;1.3153598;1
0.61387661;-1.4648958;1
1.008553;-0.98388466;2
-0.37532326;-1.3886073;1
-0.72385951;0.21546712;2
0.5166516;1.4623455;1
1.3913135;-0.3761889;1
0.92798972;1.4476026;2
0.99885326;-1.1218708;2
-0.72257645;0.63340877;1
-0.96651584;1.2243761;1
0.19080324;-1.2941702;1
-0.3534627;-0.83568603;1
1.1612747;-0.25424004;1
1.0837773;0.088001654;1
-0.26828803;-1.5200816;1
1.420004;-0.6969679;2
0.78540433;0.048122552;2
0.16528269;-1.5790421;1
1.2483721;-0.0026278938;1
0.010541644;-1.2613503;1
0.38029326;-1.3477244;1
0.5528541;-0.15931889;2
0.20108875;0.0023980971;2
-1.9908647;-0.91206991;2
-1.9612968;0.44518122;1
1.2640031;1.2138543;2
-0.078973499;0.22698382;2
0.6593959;1.0699456;1
0.11297988;0.46165967;2
1.3258783;1.6996972;2
-0.084482071;1.1495288;1
1.2777503;1.351584;2
-1.0580674;-0.88104644;1
0.75518505;0.22003614;2
2.1979111;0.93540306;2
0.31180099;-1.2267495;1
-0.17769772;-0.55051382;2
0.082059798;-0.39819891;2
0.85077003;0.95044699;1
-0.45043191;-0.92836021;1
0.35720037;-1.0729076;1
0.7619478;0.12493597;2
2.7103145;1.3465977;2
-0.52188725;0.20600221;2
1.4984721;0.63663843;1
-1.6863013;-0.17462205;1
-0.65940203;-1.2679544;1
1.0523665;0.70051466;1
0.72189277;-0.97547047;2
-0.33689964;1.6599271;1
1.8019505;0.75654605;1
-0.58130386;1.3583753;1
-0.093919729;1.6777029;1
-1.0633934;-1.0668127;1
-0.081444937;2.1770613;2
0.14333069;0.26251992;2
-1.1807928;-0.75829117;2
0.63751094;1.1114193;1
0.0056379921;-1.1439774;1
0.19837969;-1.1882327;1
0.22727383;1.7091516;2
-0.33492927;-1.6868381;1
-1.1031362;0.32163999;2
1.2614637;-1.3741686;2
0.52398649;-0.23063029;2
-1.7514923;0.72173681;1
-1.3062488;0.11752717;2
1.0136937;0.25719579;1
-0.19231732;1.6567074;1
-0.80128132;1.7800191;1
-0.41136796;-1.3422847;1
-1.2901975;1.524536;1
0.85622744;-1.109585;2
1.4516645;0.27284925;1
-1.5670518;0.62857567;1
0.094906203;-0.85442851;2
0.089297464;-1.0994917;1
-1.2949762;-0.23016995;2
1.3418062;-0.6317153;2
-1.5472419;-0.61019776;2
0.33472796;1.954041;1
-1.0603133;-0.9367182;1
-0.99179177;1.3950737;1
-0.51354782;-1.0718939;1
0.72482823;-0.98977169;2
0.81059749;0.0091137523;2
-1.9656471;-0.67366641;2
-1.3878222;-0.15553761;2
1.2268678;-0.11460723;1
0.032810278;1.2171124;1
0.84414339;0.24264121;1
-0.11246794;1.8512161;2
0.45757647;-0.70900891;2
-1.0387208;-0.035935991;2
-0.16986895;-0.34589092;2
1.5374909;-0.19345083;1
-0.93547836;1.0169459;1
-0.48392577;-1.1991197;1
1.8753554;-0.28946985;1
-0.046066451;1.648562;1
-0.069292769;-1.3032047;1
0.13703574;1.944375;2
0.0086500768;-0.91758706;1
-0.53028202;-0.94417198;1
-1.2509061;-1.4739873;1
0.86195129;-1.2353323;2
1.2455585;0.55537117;1
-1.9317901;0.52530259;1
-0.75306344;1.1793468;1
-0.98383153;-0.8069236;1
-0.17059583;-1.088878;1
0.91295805;-1.5953076;2
0.57864981;-1.0228608;2
0.80484233;-0.23684258;2
-0.64158982;-1.3495277;1
0.48567582;1.0519843;1
0.27903333;0.14929851;2
-0.66571083;-1.3415811;1
1.2005935;-0.94812209;2
-1.8741075;-1.0988367;2
1.7020398;-0.5544255;1
0.73703791;-0.18313105;2
0.23447887;-0.41266093;2
-0.63683898;0.9421875;2
0.42847396;-0.49394875;2
0.2987847;1.5595774;1
0.21075662;1.7054654;2
1.8544361;1.6056815;2
1.3966723;0.54087971;1
1.0631334;-0.053099653;2
-1.3463199;-1.1930933;2
2.6891263;1.1174684;2
-0.95583208;-0.77003771;1
-0.81683555;-1.1089555;1
-1.2528916;-1.0961397;1
1.9252815;1.3409341;2
-0.87818824;-1.161375;1
0.5924717;0.97314897;1
-0.15859001;-0.11980129;2
-0.0051480898;1.749641;1
-0.59682418;0.23235438;2
-0.21042916;0.11021326;2
-1.9048984;-1.3158431;2
-0.264029;0.057053011;2
1.926596;1.4080485;2
1.1794183;0.91272897;1
-1.0939121;0.28885884;2
-1.0689047;-1.1107063;2
1.0756232;-0.13261016;1
-1.578586;-0.79812174;2
-1.2674665;-0.70380562;2
-0.75283189;1.0987443;1
0.91067569;-0.83234923;2
0.34221115;-0.70137227;1
0.18537239;0.26072138;2
-0.83432525;-1.3595516;1
2.3230181;1.3237686;2
-0.32537808;-1.3178746;1
-0.94820586;-0.98240014;1
0.39868912;-1.477098;1
-1.1057957;-0.35089139;2
1.2732891;0.08419673;1
0.51953683;1.254969;1
-0.24119107;0.77424433;2
1.1603989;0.97802621;1
0.27101682;0.059516226;2
-0.15152748;-1.1131449;1
1.7763918;0.27177543;1
0.12505795;-1.2397576;1
1.1456864;1.1587737;2
2.2246645;1.179182;2
0.20545482;-1.2805163;1
0.98496777;1.1601602;1
-0.29187402;1.3226663;1
-1.8579531;-1.467521;2
-0.92762992;1.5491136;1
2.0333319;-0.42684694;1
-1.6429325;0.14296727;2
-0.74923572;0.010089513;2
-0.77169217;0.93297079;1
0.054434611;-1.5909138;1
-1.2306086;-1.3008825;2
-0.7677372;-1.0354309;1
1.142562;-0.082908098;1
-0.87145959;-0.82542256;2
-1.6207868;0.10213521;1
-0.95740749;0.039047838;2
1.1639265;0.15082084;2
0.79971806;0.66151573;1
-0.022745679;0.16322233;2
-0.14502942;-1.3873356;1
0.53767106;-1.2534501;1
-0.79445179;1.069702;1
-1.3255824;0.039770679;2
0.86584776;0.61219622;1
0.59931337;1.1351066;1
0.62866622;-0.61680695;2
1.1650349;0.44604922;1
1.2562322;0.30535748;1
-0.021001768;-1.0862854;1
-0.23964785;1.7155097;2
-0.24679332;0.7748076;2
-0.10076033;-0.12154697;2
-1.8329599;0.60132248;1
-0.43632842;0.82062683;2
-0.70678858;-1.4295262;1
0.21485281;-1.65905;1
-0.81776779;-0.68960564;2
0.19630024;1.0793388;1
-0.50318348;1.353764;1
-0.84251391;-1.0797396;1
-0.10795147;-1.3020282;1
-0.5223174;-1.3386731;1
0.17625587;1.9386147;1
-0.58809093;-1.3460161;1
-1.4635664;0.59361713;1
-0.32538255;0.96857781;2
0.99532039;0.13051462;2
0.032883303;1.8782587;1
-2.0501727;-1.9266016;2
-0.18101491;0.34372401;2
0.38163246;0.17481798;2
-0.25358287;-0.93152354;1
-0.048186156;1.5192789;1
0.67539418;0.88604303;1
0.44480223;0.13505891;2
0.31662443;-0.023286978;2
-0.75218869;0.34159613;2
-1.3319151;0.71888182;1
1.600779;-1.3625851;2
-0.43740647;-0.98402274;1
-0.45138956;0.72285429;2
0.71201873;1.4855345;2
-0.24110335;-0.37411031;2
-0.35972562;-1.2793599;1
0.002750205;-0.055511927;2
-0.10200942;-0.13016691;2
-0.47214597;0.26733321;2
0.1831339;-1.2098094;1
1.4167041;-0.046515537;1
-0.4774551;0.67598634;2
-0.61475668;-0.96970976;1
0.5603484;0.49076813;1
0.40487817;-0.55507377;2
-0.58273156;-1.053767;1
0.76222782;0.34356817;1
-0.25881943;0.49551797;2
-2.2843001;-1.0189387;2
1.1784885;0.39201343;1
0.39483918;1.348519;2
-0.25441338;-1.3678128;1
0.24188757;0.34695722;2
1.8847212;0.32461324;1
1.6598886;0.67197347;1
1.3184681;-0.33107579;2
0.83289277;-0.056471493;2
-0.85390788;-0.37862459;2
-0.95227334;0.00043228017;2
1.9429819;-0.64970633;1
0.80178435;0.85217546;1
-1.5360247;-0.59790197;2
-1.0001396;-1.2248662;1
-1.198575;-1.4002749;1
1.306507;-1.7180502;2
-1.6731299;0.67211691;1
0.40915292;1.761554;1
1.1794055;0.58503082;1
-0.875596;-1.002503;1
0.70904733;0.87164197;1
-1.8237655;-0.66498285;2
0.23787449;-1.5103077;1
-0.47945419;0.9102807;1
0.39069589;-1.4161437;1
-0.21532053;0.54894611;2
1.3431017;0.32046717;1
-0.15546343;-1.0316712;1
-0.34500318;0.37622553;2
1.237863;0.0023543645;1
-1.6232259;0.46849399;1
-0.05804224;-0.9039546;1
1.0808038;0.92459916;1
1.877877;-0.36846613;1
-0.28225781;1.782443;2
-0.0012425247;-0.93847813;2
-1.5394823;0.64274203;1
-0.034074864;-1.0668358;1
-0.46303445;-1.1982147;1
0.21287467;-0.75184442;1
-1.5685605;-0.40092307;2
0.60523588;1.8558773;2
2.1247877;1.0716769;2
-1.2268527;-0.30813651;2
-0.0017046373;0.2819892;2
1.2165527;1.1304817;1
0.42340934;-0.33425434;2
-1.3598025;0.88666;1
1.7895989;-0.45874823;1
0.97356869;-0.95095071;2
-0.43301816;-1.1269896;1
0.4291805;1.9427791;2
-0.43515366;-1.0762283;1
-0.62888105;0.80862082;2
0.85423303;1.1491148;1
-0.72850357;1.4951734;1
-0.23793571;-1.4919201;1
-0.02722585;1.8638778;2
0.66703258;1.9214928;2
0.49424573;1.175128;1
-0.087401014;-1.0735126;1
0.94829904;1.411079;1
1.2627313;-0.25042869;1
0.47342757;0.33864265;2
0.7528253;0.78112473;1
-0.033840081;1.5222097;1
-0.020194624;-1.2640409;1
1.1191003;-1.2170775;2
0.14291783;-0.78564731;1
0.93797189;-0.25520162;2
-0.87695016;0.26338972;2
1.7924718;1.5006806;2
-0.6726268;0.31311429;2
0.054280431;-0.96718058;1
-0.47282871;0.084994314;2
0.50466076;1.4472288;1
1.2119475;-0.77417178;2
0.59458209;0.67702969;1
0.31428167;1.539862;1
-0.76617152;1.0600774;1
-0.018427588;-1.1318356;1
0.31658854;-1.133539;1
-0.41259062;-0.027480193;2
-0.48579829;-1.5277966;1
2.416477;1.4956788;2
0.31103608;1.6773016;1
-1.5372738;0.50261172;1
-1.1333847;0.92782279;1
0.71020419;1.7029949;2
-0.80342826;-0.70514431;1
0.49040124;-0.047655946;2
0.22243936;0.21397415;2
-0.076953996;1.8688241;2
-0.52687279;-1.3784139;1
0.31590687;-0.60060169;2
0.28354965;1.8606881;1
0.13388046;-1.1781132;1
0.42429745;-0.83961724;1
1.6971547;-0.4891936;1
0.22047172;-1.3578562;1
-2.0290689;0.35911987;1
0.12680176;1.9394297;1
2.1231129;0.97784328;2
-1.5491176;0.38561702;1
-0.48596984;-0.88719259;1
-0.66846866;-1.1329102;1
-0.063347458;-0.69906075;1
0.52694066;-1.0202093;1
0.196262;-0.77851412;1
0.27092984;-1.2845955;1
-1.1775536;0.86164466;1
0.27097377;-0.038154745;2
2.0551439;1.1162533;2
0.028519;1.721494;2
-0.52044109;1.2026112;1
1.7183325;-0.79296753;1
1.2278073;-0.087441645;1
1.0938971;1.026311;1
0.017871827;-0.69987022;2
1.1456213;0.24266504;1
0.11846044;0.13044964;2
1.5179326;-1.3389576;2
0.12086178;0.2186979;2
-0.25870739;1.3374132;1
0.2618318;-0.53787204;2
0.90159785;0.94651733;1
-0.29212579;-0.22408593;2
-1.3889671;-0.4507695;2
0.60422451;0.55504345;1
-0.38652033;0.26043335;2
-1.0861382;0.43736534;2
-0.023656407;-1.0014752;1
0.67987481;0.73917211;1
-2.3212375;0.086108807;1
0.48157623;-0.65325218;2
-0.97445012;-1.4334337;1
-0.0081592484;-1.3771961;1
-1.9435838;0.83197457;1
0.94249941;1.8874103;2
-1.3736602;0.80765424;1
1.0070954;0.86477165;1
-0.52714781;0.88667031;1
-0.53908598;0.6481397;2
0.90232251;-1.0781617;2
0.61403999;0.9079698;1
-0.10961884;-0.37161363;2
-0.59911445;1.2469149;1
-1.5240524;-1.1512955;2
0.2714156;0.38023669;2
-0.75479778;-1.0937533;1
0.80775287;-0.83143919;2
-0.95972681;1.3425679;1
-1.5817161;-1.2545729;2
1.8745357;1.1859273;2
-0.069625728;-0.89603847;1
0.8462158;1.8684321;1
0.67826065;0.33528896;1
-0.68938389;-1.4540009;1
-0.15696086;1.8430636;1
-1.1789616;0.73222858;1
0.48701753;1.3334155;1
1.3566021;-1.0601579;2
0.63412643;0.36565598;2
0.37656636;-0.6425846;2
1.028048;0.54763841;1
-1.6339615;0.27935482;2
-0.50182822;1.8391355;2
0.72012505;0.67744544;1
-0.65092637;1.1246082;1
0.12090773;1.7222607;1
-0.83505241;-1.0601977;1
0.64321135;-0.35067471;2
-0.68690008;-1.285112;1
1.988022;1.1805377;2
-0.52429359;-0.85662438;1
-0.76841451;0.20929146;2
0.72133802;0.73052054;1
0.09144856;0.49345085;2
-1.5428631;-0.61768481;2
-1.6177632;-0.71156575;2
-0.20426036;-0.18121723;2
2.4654932;1.1176018;2
-1.4377672;0.09193108;2
0.95181555;0.61551853;1
2.4637855;1.2255095;2
0.44379596;1.9929597;1
-1.1427129;-0.24452046;2
-1.3810771;-1.0836873;2
0.28906476;0.59814063;2
1.0301434;-1.1228514;2
1.5920377;-0.11066263;1
0.61964849;-0.98624493;2
0.59512224;1.0203552;1
-0.027496957;-1.4151314;1
-0.3883719;-1.0847946;1
1.223247;0.83442384;1
0.32013115;0.28220152;2
-1.3264756;1.0763502;1
0.20046518;-0.60895803;2
-0.74732636;-0.71958339;1
0.97281566;0.65329949;1
0.12537874;2.1597344;1
0.96060243;0.45433419;1
-0.11317513;2.132584;2
0.92314342;0.93282464;1
1.2722828;-0.74713124;1
1.0845748;-0.99637937;2
0.70577926;1.378293;2
0.1429617;0.84505588;1
-0.52161893;0.87745476;2
1.5007127;0.044222128;1
-0.58161393;-0.75229396;2
-0.78459036;-1.1147409;1
-1.3115196;-0.62695772;2
-0.79115983;-1.2550146;1
-0.78079897;-0.11323788;2
0.062373887;-1.0530197;1
0.83231728;-1.2944416;2
-0.22300887;-1.282746;1
-1.0160842;-0.22355465;2
0.52774111;-1.0422385;2
0.15015647;-0.25598568;2
-0.61132303;-1.2771957;1
-0.1831628;1.1455403;1
-0.51568065;-0.91950395;2
-1.1244527;0.55937522;2
1.5885083;-0.096322837;1
0.83620992;0.84935099;1
2.4103815;0.94586796;2
-1.5869198;0.13847921;1
-0.67494476;1.1809216;1
2.4473321;1.2503852;2
-0.63892987;1.2810772;1
-1.1248475;0.49392304;1
-1.8954482;0.10568194;2
0.52610022;1.3644628;2
-1.5889881;0.76288666;1
-0.53628083;1.1284847;1
-0.39633159;-1.4512846;1
-1.4128588;1.1448729;1
-1.0726329;0.5335858;2
1.2770669;-0.58842257;1
-0.83843831;0.35618577;2
0.33540699;1.1515074;1
1.1784455;-0.033509792;1
0.33441721;1.0439636;1
-0.59889871;-0.96495931;1
1.3182998;0.21765436;1
-0.69539949;1.084256;1
-1.5576819;-0.32857841;2
1.5249997;0.3557288;1
1.4411978;0.3577208;1
1.3594521;-0.11739906;1
-1.2125053;0.35719069;2
-1.3173758;0.039893508;2
-1.2301473;-0.33570347;2
-0.63962042;-0.93910325;1
-0.52967364;0.10061528;2
-0.15992431;-1.3621289;1
0.015960141;-1.1321959;1
-0.30994546;1.4458678;1
-1.3240668;0.51647668;2
-0.067718719;1.7359329;1
0.79916044;-0.83424796;2
1.7630517;1.4822889;2
-1.9671544;0.6113954;1
0.59543758;0.42868258;1
-0.72422407;-1.4822678;1
-1.023753;0.67535503;1
-0.63874565;-1.0382587;1
0.97717919;-1.0111064;2
-0.24149276;0.89708835;2
1.7507829;1.3328199;2
0.9812915;0.53162381;1
0.84525022;0.76644653;1
2.0627005;-0.48153977;1
-0.17978052;0.5947293;2
-0.3943161;-0.25342876;2
1.4883153;0.38542239;1
0.40841195;-0.66386129;2
1.4502565;0.22881165;1
-1.3690255;-0.17742433;2
-0.30502606;0.19375501;2
0.24858473;-0.45050473;2
0.53372602;2.1530887;1
0.77275925;-0.74661866;2
1.198234;0.069141589;1
1.4090635;-2.0938138;2
0.3074485;-0.67820751;1
-0.74843792;-0.033999385;2
2.635207;0.9656539;2
